-0.0990000 -1.4455549 7.7759030 237.8198043 237.9512841
-0.0980100 -1.4311194 7.6982727 237.8259386 237.9548037
-0.0970200 -1.4166832 7.6206384 237.8320115 237.9582880
-0.0960300 -1.4022463 7.5430004 237.8380227 237.9617369
-0.0950400 -1.3878086 7.4653585 237.8439724 237.9651504
-0.0940500 -1.3733703 7.3877129 237.8498606 237.9685286
-0.0930600 -1.3589313 7.3100635 237.8556871 237.9718715
-0.0920700 -1.3444917 7.2324105 237.8614521 237.9751790
-0.0910800 -1.3300514 7.1547538 237.8671556 237.9784512
-0.0900900 -1.3156104 7.0770935 237.8727974 237.9816880
-0.0891000 -1.3011688 6.9994297 237.8783777 237.9848895
-0.0881100 -1.2867265 6.9217623 237.8838963 237.9880556
-0.0871200 -1.2722836 6.8440914 237.8893534 237.9911863
-0.0861300 -1.2578400 6.7664171 237.8947489 237.9942817
-0.0851400 -1.2433959 6.6887394 237.9000828 237.9973418
-0.0841500 -1.2289511 6.6110583 237.9053552 238.0003665
-0.0831600 -1.2145057 6.5333739 237.9105659 238.0033558
-0.0821700 -1.2000597 6.4556861 237.9157150 238.0063098
-0.0811800 -1.1856131 6.3779952 237.9208026 238.0092284
-0.0801900 -1.1711660 6.3003010 237.9258285 238.0121116
-0.0792000 -1.1567182 6.2226036 237.9307928 238.0149595
-0.0782100 -1.1422699 6.1449031 237.9356955 238.0177721
-0.0772200 -1.1278210 6.0671995 237.9405366 238.0205492
-0.0762300 -1.1133716 5.9894928 237.9453161 238.0232910
-0.0752400 -1.0989216 5.9117832 237.9500340 238.0259975
-0.0742500 -1.0844711 5.8340705 237.9546902 238.0286686
-0.0732600 -1.0700200 5.7563549 237.9592849 238.0313043
-0.0722700 -1.0555684 5.6786364 237.9638179 238.0339047
-0.0712800 -1.0411163 5.6009151 237.9682893 238.0364697
-0.0702900 -1.0266636 5.5231909 237.9726991 238.0389993
-0.0693000 -1.0122105 5.4454639 237.9770472 238.0414936
-0.0683100 -0.9977568 5.3677342 237.9813338 238.0439525
-0.0673200 -0.9833027 5.2900018 237.9855586 238.0463760
-0.0663300 -0.9688481 5.2122668 237.9897219 238.0487642
-0.0653400 -0.9543930 5.1345291 237.9938235 238.0511170
-0.0643500 -0.9399374 5.0567888 237.9978635 238.0534344
-0.0633600 -0.9254814 4.9790460 238.0018418 238.0557164
-0.0623700 -0.9110249 4.9013006 238.0057585 238.0579631
-0.0613800 -0.8965679 4.8235528 238.0096136 238.0601745
-0.0603900 -0.8821105 4.7458026 238.0134070 238.0623504
-0.0594000 -0.8676527 4.6680499 238.0171388 238.0644910
-0.0584100 -0.8531944 4.5902949 238.0208089 238.0665962
-0.0574200 -0.8387357 4.5125377 238.0244174 238.0686660
-0.0564300 -0.8242766 4.4347781 238.0279642 238.0707005
-0.0554400 -0.8098171 4.3570163 238.0314494 238.0726996
-0.0544500 -0.7953572 4.2792523 238.0348729 238.0746633
-0.0534600 -0.7808969 4.2014861 238.0382347 238.0765916
-0.0524700 -0.7664363 4.1237179 238.0415349 238.0784846
-0.0514800 -0.7519752 4.0459475 238.0447735 238.0803422
-0.0504900 -0.7375138 3.9681751 238.0479504 238.0821644
-0.0495000 -0.7230519 3.8904007 238.0510656 238.0839513
-0.0485100 -0.7085898 3.8126244 238.0541191 238.0857027
-0.0475200 -0.6941273 3.7348461 238.0571110 238.0874188
-0.0465300 -0.6796644 3.6570660 238.0600413 238.0890995
-0.0455400 -0.6652012 3.5792840 238.0629098 238.0907449
-0.0445500 -0.6507377 3.5015002 238.0657167 238.0923548
-0.0435600 -0.6362739 3.4237146 238.0684619 238.0939294
-0.0425700 -0.6218097 3.3459274 238.0711455 238.0954686
-0.0415800 -0.6073453 3.2681384 238.0737673 238.0969724
-0.0405900 -0.5928805 3.1903478 238.0763275 238.0984409
-0.0396000 -0.5784154 3.1125556 238.0788260 238.0998740
-0.0386100 -0.5639501 3.0347618 238.0812629 238.1012716
-0.0376200 -0.5494845 2.9569664 238.0836381 238.1026339
-0.0366300 -0.5350186 2.8791696 238.0859515 238.1039609
-0.0356400 -0.5205524 2.8013714 238.0882033 238.1052524
-0.0346500 -0.5060860 2.7235717 238.0903935 238.1065086
-0.0336600 -0.4916193 2.6457707 238.0925219 238.1077294
-0.0326700 -0.4771524 2.5679683 238.0945887 238.1089148
-0.0316800 -0.4626853 2.4901646 238.0965938 238.1100648
-0.0306900 -0.4482179 2.4123597 238.0985371 238.1111794
-0.0297000 -0.4337503 2.3345536 238.1004189 238.1122587
-0.0287100 -0.4192825 2.2567463 238.1022389 238.1133026
-0.0277200 -0.4048145 2.1789378 238.1039972 238.1143111
-0.0267300 -0.3903463 2.1011283 238.1056938 238.1152842
-0.0257400 -0.3758778 2.0233177 238.1073288 238.1162219
-0.0247500 -0.3614092 1.9455061 238.1089021 238.1171242
-0.0237600 -0.3469405 1.8676935 238.1104136 238.1179912
-0.0227700 -0.3324715 1.7898799 238.1118635 238.1188228
-0.0217800 -0.3180024 1.7120655 238.1132517 238.1196190
-0.0207900 -0.3035331 1.6342502 238.1145782 238.1203798
-0.0198000 -0.2890637 1.5564340 238.1158430 238.1211052
-0.0188100 -0.2745941 1.4786171 238.1170461 238.1217952
-0.0178200 -0.2601244 1.4007994 238.1181875 238.1224499
-0.0168300 -0.2456546 1.3229811 238.1192673 238.1230692
-0.0158400 -0.2311847 1.2451621 238.1202853 238.1236530
-0.0148500 -0.2167146 1.1673424 238.1212416 238.1242015
-0.0138600 -0.2022444 1.0895221 238.1221362 238.1247147
-0.0128700 -0.1877741 1.0117014 238.1229692 238.1251924
-0.0118800 -0.1733038 0.9338800 238.1237404 238.1256347
-0.0108900 -0.1588333 0.8560583 238.1244500 238.1260417
-0.0099000 -0.1443628 0.7782361 238.1250978 238.1264133
-0.0089100 -0.1298922 0.7004135 238.1256839 238.1267494
-0.0079200 -0.1154215 0.6225905 238.1262084 238.1270503
-0.0069300 -0.1009508 0.5447673 238.1266711 238.1273157
-0.0059400 -0.0864800 0.4669437 238.1270722 238.1275457
-0.0049500 -0.0720092 0.3891199 238.1274115 238.1277403
-0.0039600 -0.0575383 0.3112960 238.1276892 238.1278996
-0.0029700 -0.0430675 0.2334718 238.1279051 238.1280235
-0.0019800 -0.0285966 0.1556476 238.1280594 238.1281120
-0.0009900 -0.0141256 0.0778233 238.1281519 238.1281651
0.0000000 0.0003453 -0.0000011 238.1281828 238.1281828
0.0009900 0.0148162 -0.0778254 238.1281519 238.1281651
0.0019800 0.0292871 -0.1556498 238.1280594 238.1281120
0.0029700 0.0437580 -0.2334740 238.1279051 238.1280236
0.0039600 0.0582289 -0.3112981 238.1276892 238.1278998
0.0049500 0.0726998 -0.3891221 238.1274115 238.1277406
0.0059400 0.0871706 -0.4669459 238.1270722 238.1275460
0.0069300 0.1016414 -0.5447694 238.1266711 238.1273160
0.0079200 0.1161121 -0.6225927 238.1262084 238.1270506
0.0089100 0.1305827 -0.7004156 238.1256839 238.1267498
0.0099000 0.1450533 -0.7782382 238.1250978 238.1264137
0.0108900 0.1595239 -0.8560604 238.1244500 238.1260422
0.0118800 0.1739943 -0.9338822 238.1237404 238.1256352
0.0128700 0.1884647 -1.0117035 238.1229692 238.1251929
0.0138600 0.2029350 -1.0895243 238.1221362 238.1247153
0.0148500 0.2174051 -1.1673446 238.1212416 238.1242022
0.0158400 0.2318752 -1.2451642 238.1202853 238.1236537
0.0168300 0.2463451 -1.3229833 238.1192673 238.1230699
0.0178200 0.2608150 -1.4008016 238.1181875 238.1224507
0.0188100 0.2752847 -1.4786193 238.1170461 238.1217960
0.0198000 0.2897542 -1.5564362 238.1158430 238.1211060
0.0207900 0.3042237 -1.6342523 238.1145782 238.1203807
0.0217800 0.3186929 -1.7120676 238.1132517 238.1196199
0.0227700 0.3331620 -1.7898821 238.1118635 238.1188237
0.0237600 0.3476310 -1.8676956 238.1104136 238.1179922
0.0247500 0.3620998 -1.9455082 238.1089021 238.1171253
0.0257400 0.3765684 -2.0233198 238.1073288 238.1162230
0.0267300 0.3910368 -2.1011305 238.1056938 238.1152853
0.0277200 0.4055050 -2.1789400 238.1039972 238.1143122
0.0287100 0.4199730 -2.2567484 238.1022389 238.1133038
0.0297000 0.4344408 -2.3345558 238.1004189 238.1122600
0.0306900 0.4489084 -2.4123619 238.0985371 238.1111808
0.0316800 0.4633758 -2.4901668 238.0965938 238.1100662
0.0326700 0.4778429 -2.5679705 238.0945887 238.1089162
0.0336600 0.4923098 -2.6457728 238.0925219 238.1077308
0.0346500 0.5067765 -2.7235739 238.0903935 238.1065101
0.0356400 0.5212429 -2.8013736 238.0882033 238.1052540
0.0366300 0.5357091 -2.8791718 238.0859515 238.1039624
0.0376200 0.5501749 -2.9569686 238.0836380 238.1026356
0.0386100 0.5646406 -3.0347639 238.0812629 238.1012733
0.0396000 0.5791059 -3.1125577 238.0788260 238.0998757
0.0405900 0.5935709 -3.1903499 238.0763275 238.0984426
0.0415800 0.6080357 -3.2681406 238.0737673 238.0969742
0.0425700 0.6225002 -3.3459295 238.0711455 238.0954704
0.0435600 0.6369643 -3.4237168 238.0684619 238.0939313
0.0445500 0.6514282 -3.5015024 238.0657167 238.0923567
0.0455400 0.6658917 -3.5792862 238.0629098 238.0907468
0.0465300 0.6803548 -3.6570681 238.0600412 238.0891015
0.0475200 0.6948177 -3.7348483 238.0571110 238.0874209
0.0485100 0.7092802 -3.8126266 238.0541191 238.0857048
0.0495000 0.7237423 -3.8904029 238.0510656 238.0839534
0.0504900 0.7382041 -3.9681773 238.0479504 238.0821666
0.0514800 0.7526656 -4.0459497 238.0447735 238.0803444
0.0524700 0.7671266 -4.1237200 238.0415349 238.0784869
0.0534600 0.7815873 -4.2014883 238.0382347 238.0765939
0.0544500 0.7960476 -4.2792545 238.0348729 238.0746656
0.0554400 0.8105075 -4.3570184 238.0314494 238.0727020
0.0564300 0.8249670 -4.4347803 238.0279642 238.0707029
0.0574200 0.8394261 -4.5125398 238.0244174 238.0686685
0.0584100 0.8538848 -4.5902971 238.0208089 238.0665987
0.0594000 0.8683430 -4.6680521 238.0171388 238.0644935
0.0603900 0.8828008 -4.7458047 238.0134070 238.0623530
0.0613800 0.8972582 -4.8235550 238.0096136 238.0601771
0.0623700 0.9117152 -4.9013028 238.0057585 238.0579658
0.0633600 0.9261717 -4.9790481 238.0018418 238.0557192
0.0643500 0.9406277 -5.0567910 237.9978635 238.0534372
0.0653400 0.9550833 -5.1345312 237.9938235 238.0511198
0.0663300 0.9695384 -5.2122689 237.9897219 238.0487670
0.0673200 0.9839930 -5.2900040 237.9855586 238.0463789
0.0683100 0.9984471 -5.3677364 237.9813337 238.0439554
0.0693000 1.0129007 -5.4454661 237.9770472 238.0414965
0.0702900 1.0273539 -5.5231931 237.9726991 238.0390023
0.0712800 1.0418065 -5.6009173 237.9682893 238.0364727
0.0722700 1.0562586 -5.6786386 237.9638179 238.0339078
0.0732600 1.0707102 -5.7563571 237.9592849 238.0313075
0.0742500 1.0851613 -5.8340727 237.9546902 238.0286718
0.0752400 1.0996118 -5.9117853 237.9500340 238.0260007
0.0762300 1.1140618 -5.9894950 237.9453161 238.0232943
0.0772200 1.1285112 -6.0672017 237.9405366 238.0205525
0.0782100 1.1429601 -6.1449053 237.9356955 238.0177754
0.0792000 1.1574084 -6.2226058 237.9307928 238.0149629
0.0801900 1.1718561 -6.3003031 237.9258285 238.0121151
0.0811800 1.1863033 -6.3779973 237.9208025 238.0092319
0.0821700 1.2007498 -6.4556883 237.9157150 238.0063133
0.0831600 1.2151958 -6.5333760 237.9105659 238.0033594
0.0841500 1.2296412 -6.6110605 237.9053552 238.0003701
0.0851400 1.2440859 -6.6887416 237.9000828 237.9973454
0.0861300 1.2585301 -6.7664193 237.8947489 237.9942854
0.0871200 1.2729736 -6.8440936 237.8893534 237.9911901
0.0881100 1.2874165 -6.9217645 237.8838963 237.9880594
0.0891000 1.3018588 -6.9994318 237.8783776 237.9848933
0.0900900 1.3163004 -7.0770957 237.8727974 237.9816919
0.0910800 1.3307414 -7.1547560 237.8671555 237.9784551
0.0920700 1.3451817 -7.2324127 237.8614521 237.9751830
0.0930600 1.3596213 -7.3100657 237.8556871 237.9718755
0.0940500 1.3740603 -7.3877151 237.8498606 237.9685327
0.0950400 1.3884986 -7.4653607 237.8439724 237.9651545
0.0960300 1.4029362 -7.5430025 237.8380227 237.9617410
0.0970200 1.4173731 -7.6206406 237.8320115 237.9582921
0.0980100 1.4318093 -7.6982748 237.8259386 237.9548079
